9003 34923287
9003 34923267
9003 34923302
268636114 34923273
9003 34923237
9003 34923304
9003 34923276
9003 34923170
9003 34923110
1 34923110
469704041 34923101
109035983 34923101
48353 34923170
48353 34923276
48353 34923304
9003 34923107
2082221 34923156
50029944 34923217
9003 34923183
9003 34923152
9003 34923144
35400175 34923166
247119945 34923166
52661219 34923166
9003 34923166
48353 34923166
48054917 34923293
123751762 34923293
104601777 34923293
48675927 34923168
9003 34923207
9003 34923243
1412550 34923255
9003 34923218
9003 34923108
9003 34923181
9003 34923196
48353 34923196
9003 34923112
48353 34923112
9003 34923259
48353 34923259
2082221 34923148
1 34923148
15511883 34923148
9003 34923257
48353 34923257
48353 34923237
397723686 34923273
48353 34923302
48353 34923267
48353 34923287
252190013 34923273
3890429 34923273
39002 34923148
3425937 34923148
90348 34923148
976063 34923148
9003 34923148
48353 34923181
48353 34923108
48353 34923218
6790397 34923255
48353 34923243
48353 34923207
97137413 34923168
50485130 34923168
9003 34923168
109284159 34923293
48353 34923144
48353 34923152
48353 34923183
200645 34923217
9003 34923217
48353 34923217
1 34923156
650120 34923156
58053 34923156
7534458 34923156
29879272 34923156
224151 34923156
9003 34923156
48353 34923156
48353 34923107
424675071 34923101
9003 34923131
48353 34923131
9003 34923175
48353 34923175
2082221 34923124
1 34923124
9003 34923124
335764585 34923219
76947866 34923219
46907088 34923219
3469090 34923219
9003 34923146
48353 34923146
9003 34923254
93504818 34923219
97381806 34923219
48353 34923124
391561916 34923101
375820458 34923293
97381806 34923293
2045995 34923293
51880417 34923293
48353 34923168
2082221 34923255
1 34923255
6319019 34923255
976063 34923255
29879272 34923255
400383 34923255
224151 34923255
9003 34923255
48353 34923148
830144 34923273
268971971 34923273
48353 34923255
9003 34923293
259652725 34923101
352629339 34923101
37132109 34923101
46824638 34923219
48353 34923254
64180797 34923219
62142014 34923219
52497307 34923219
273227507 34923101
329904805 34923101
48240395 34923101
48353 34923293
9003 34923273
9003 34923279
99717260 34923101
17279988 34923219
6228671 34923219
35215452 34923219
111737 34923219
9003 34923219
48353 34923219
39979411 34923312
1 34923312
131457678 34923101
31360714 34923101
101353910 34923101
37179178 34923101
6790397 34923253
2082221 34923253
1 34923253
560438 34923253
29879272 34923253
6319019 34923253
48353 34923273
334393 34923253
9814155 34923101
21002 34923253
55119935 34923101
9003 34923253
40273794 34923101
48353 34923253
44255109 34923101
9003 34923101
48353 34923101
9003 34923142
48353 34923142
1292848462 34923208
511377589 34923208
517640649 34923208
44653565 34923208
5986737 34923208
29879272 34923208
273148009 34923208
97137413 34923208
48171 34923208
50485130 34923208
269816960 34923208
281382 34923208
267439 34923208
18637918 34923208
190001 34923208
9003 34923208
48353 34923208
